{'cupyCHROM': { 'gym': 12.518855107931726,
                'resting': 2.457279185556995,
                'rotation': 4.887071604643766,
                'talk': 10.65839325221239},
 'cupyPOS': {   'gym': 22.279012926706827,
                'resting': 2.0278497409326426,
                'rotation': 4.611313215648855,
                'talk': 12.044157045077434},
 'torchCHROM': {'gym': 22.279012926706827,
                'resting': 2.0278497409326426,
                'rotation': 4.611313215648855,
                'talk': 12.044157045077434}}